 0 0.463306917348 0.437668507033 0.460132738133 0.443598294168 0.470086540992 0.446709937904 0.449247346167 0.428758762148 0.418038645838 0.401404849874 0.447394502196 0.403744430944 0.438448982589 0.406179536522 0.422198563004 0.463135573097 0.426425989990 0.452369904652 0.449111018649 0.458289244881 0.444927144492 0.450431569174 0.466728307740 0.450581527899 0.430453136780 0.443730381881 0.461163149522 0.542188015928 0.540448645050 0.600058983015 0.609027464235 0.469282997059 0.486769792392 0.529168128088 0.496458258057 0.539221386400 0.522803550366 0.473518390886 0.528154767883 0.539218638708 0.537184923931 0.528009359141 0.445741464740 0.621426335292 0.530110865081 0.457228920895 0.532033893447 0.534644902200 0.451939928076 0.552216955058 0.561365365311 0.593532316577 0.534276809522 0.535419282449 0.531836937289 0.532203032709 0.537297947412 0.474873615962 0.544524643985 0.471688125177
 0.463306917348 0 0.458823553932 0.454603541182 0.416859867472 0.446888884274 0.439937564369 0.378017810420 0.422055426573 0.411587042478 0.378608675409 0.418299645901 0.428025073765 0.412863663326 0.433010615170 0.424924543781 0.444843347854 0.419869784539 0.432496622110 0.431312791125 0.456890772263 0.420441469569 0.380849011407 0.444926180762 0.433650831730 0.441497176715 0.458137076578 0.451983834011 0.521942034312 0.517360259592 0.576114666099 0.581084941608 0.442017128902 0.476569584297 0.507264843332 0.456518163862 0.512869855455 0.500783061309 0.439709520489 0.503507767582 0.519463448226 0.513561707141 0.506868792102 0.449492577926 0.593257607497 0.511108430146 0.454894475506 0.508369899255 0.512621342351 0.450733980679 0.557438612420 0.570628281910 0.594020219009 0.513338884731 0.523482952487 0.509781081463 0.507805070042 0.515368326570 0.456223056917 0.523200058983 0.468692701165
 0.437668507033 0.458823553932 0 0.444612797526 0.435074304137 0.457080778109 0.414735614563 0.438249701583 0.418919137398 0.403575047119 0.385913009389 0.431592004877 0.407785856331 0.428118765450 0.397999797146 0.413301444600 0.433639955470 0.418082768365 0.454288242055 0.427281514019 0.433793497827 0.419736718755 0.441847133271 0.450567699682 0.442569469331 0.427449270109 0.446493254861 0.445511852724 0.531202159235 0.535212583786 0.594388755613 0.600634469251 0.467729816790 0.493257924635 0.520193914037 0.492401233349 0.525681083966 0.513400886552 0.466866166259 0.521022813043 0.530951723914 0.526394026795 0.516866145526 0.425939861688 0.611381491069 0.528846692692 0.433153000100 0.522808491812 0.521055445227 0.450532123120 0.580619892655 0.593333217560 0.607064122659 0.531203315201 0.528845509394 0.523239720543 0.520646711906 0.530945609914 0.461598586327 0.539936963927 0.456308560816
 0.460132738133 0.454603541182 0.444612797526 0 0.418133984095 0.349055387154 0.431246948380 0.431757421980 0.373639821450 0.404726890019 0.387020229053 0.421809625442 0.430724889276 0.406542969215 0.414759907340 0.414073989308 0.410300818414 0.426224964543 0.462793318338 0.382674114112 0.403323964619 0.429511161397 0.435644933586 0.425502484296 0.442626573466 0.421687913997 0.448699545283 0.449273232438 0.543698448687 0.540508651635 0.600181736319 0.605732116267 0.461847177919 0.502570570185 0.525353447563 0.493544316526 0.537638676120 0.522147590286 0.467500828577 0.520764185462 0.532755912474 0.541363362403 0.527567148867 0.404602682332 0.611449988253 0.530846679728 0.413015886260 0.538360834330 0.534218129730 0.467268588317 0.569745378775 0.579684311251 0.603785390100 0.531218895502 0.532257702532 0.530671612707 0.524664647595 0.532648146095 0.474546155655 0.545964255969 0.467298883964
 0.443598294168 0.416859867472 0.435074304137 0.418133984095 0 0.415186248829 0.415677344567 0.413299661048 0.369262882793 0.400192854664 0.336667790901 0.408387485122 0.387873749508 0.239977995633 0.416349239390 0.375951214350 0.433668873871 0.383431316156 0.432308810410 0.368979946734 0.410322200723 0.403639901958 0.407123475092 0.426015475794 0.412248871184 0.421409133525 0.445195765991 0.431715033312 0.515614768628 0.504914714499 0.569672880081 0.579026580549 0.427555543505 0.471103863883 0.500587457170 0.468516811262 0.505496998051 0.488905059293 0.437942392599 0.496132565777 0.512339480808 0.506995377794 0.498998038601 0.389245447997 0.587309713436 0.508616883496 0.428794248168 0.504395352792 0.506972936313 0.428367415044 0.582873020452 0.598505993116 0.587937948293 0.510875133023 0.514251419274 0.504053555860 0.502067422565 0.511812132142 0.452945787135 0.518889258141 0.437109912401
 0.470086540992 0.446888884274 0.457080778109 0.349055387154 0.415186248829 0 0.447066857856 0.441251920564 0.430607511901 0.434050224915 0.406654999591 0.445706824490 0.464266689416 0.424530672861 0.428853205856 0.446126831493 0.425939725651 0.433241163070 0.463239132690 0.415186640298 0.421788728381 0.425234260077 0.444382500476 0.436505909079 0.453981415952 0.440574462120 0.464767561666 0.472056304783 0.545133827504 0.541891891892 0.606342041578 0.616047598654 0.467558070552 0.488469762137 0.537983176422 0.498161600754 0.542163510540 0.532538180849 0.469945878041 0.538825135852 0.544411298673 0.545672160661 0.537212908925 0.436146655390 0.625478055415 0.543604892966 0.456284801212 0.538824467501 0.542479933168 0.465491354418 0.565662685178 0.571706480986 0.596995694495 0.546824769456 0.543417563618 0.540680171670 0.542722458671 0.545000760702 0.484289555620 0.554033499170 0.480103832844
 0.446709937904 0.439937564369 0.414735614563 0.431246948380 0.415677344567 0.447066857856 0 0.427509847348 0.399411843082 0.412547046031 0.380016338008 0.428935946837 0.413538278721 0.415832223366 0.411537090879 0.423722734856 0.421744514267 0.397724789697 0.438318490783 0.411690445316 0.439072622726 0.416717937662 0.426181840881 0.437325321266 0.438005405460 0.437704978053 0.454401944546 0.433533251713 0.526626569720 0.522863227558 0.590502172162 0.598461314058 0.454581747635 0.473176366633 0.521793247358 0.470702687135 0.521008266309 0.511114499558 0.452222910367 0.518014653742 0.529888506682 0.524879734746 0.516633996321 0.419726584432 0.608255112849 0.525340633694 0.429532884531 0.519924873232 0.525749636957 0.446686839109 0.580932784636 0.596170733767 0.602270332314 0.528972999784 0.524084822958 0.520178399789 0.518630570942 0.522965612854 0.456897564689 0.532232816697 0.443149445722
 0.449247346167 0.378017810420 0.438249701583 0.431757421980 0.413299661048 0.441251920564 0.427509847348 0 0.380957855846 0.400329698057 0.365146625786 0.407898689663 0.407833588278 0.408961112356 0.408752887241 0.414294350162 0.418898288788 0.408609566594 0.435673292701 0.411537117038 0.415240205157 0.424324938972 0.398678224764 0.435323860424 0.416476591506 0.432726091870 0.444929304441 0.451854902712 0.524255030547 0.515712217379 0.579236985639 0.580481446173 0.455127659727 0.469432510635 0.504066302740 0.456606864095 0.514366431025 0.496086522975 0.450536633635 0.500057190299 0.514786798268 0.519983554351 0.508143218153 0.425304256536 0.588236176408 0.511740143025 0.427532779992 0.511041956631 0.515094995670 0.427895446559 0.578931612966 0.593360145293 0.601596128709 0.514907512885 0.515329613282 0.510149349269 0.501037415959 0.514486846477 0.458647517323 0.526668248817 0.459655225777
 0.428758762148 0.422055426573 0.418919137398 0.373639821450 0.369262882793 0.430607511901 0.399411843082 0.380957855846 0 0.381185422161 0.347009590205 0.377932217756 0.368805529769 0.373149849036 0.377993318269 0.371593172415 0.377443426995 0.389986024230 0.434134555391 0.367253681443 0.398412204940 0.382214097364 0.398333678106 0.413271218998 0.403511227602 0.413349816003 0.420619394450 0.401860211746 0.504729876089 0.503467440666 0.558373592359 0.559666982109 0.416049635027 0.464624359962 0.482028652777 0.453253125189 0.492760691490 0.473261312705 0.438696228560 0.480542669361 0.494721828432 0.497990152432 0.489163061824 0.390680510387 0.568822645428 0.488543644328 0.407677295789 0.489739934684 0.493700022262 0.419373749733 0.576090163451 0.591277295605 0.586348187330 0.491774614790 0.499284428556 0.494156711991 0.484218418851 0.492960131259 0.446268417588 0.505022789436 0.419879072577
 0.418038645838 0.411587042478 0.403575047119 0.404726890019 0.400192854664 0.434050224915 0.412547046031 0.400329698057 0.381185422161 0 0.362567326652 0.390240514460 0.387650672408 0.386823824111 0.389551478956 0.374344900233 0.418269661256 0.386152003858 0.408194813095 0.399498278723 0.387802434702 0.400044202778 0.404358826861 0.435646829283 0.407710324145 0.417563116011 0.405550163250 0.402622554324 0.496625522208 0.489367162159 0.551823158089 0.559268696313 0.417900813563 0.450950822981 0.478627383999 0.441417850511 0.480118082905 0.466615992397 0.426420146886 0.474358959717 0.493195555374 0.490203942927 0.478142250377 0.405015271622 0.567932413163 0.487428897660 0.420711073682 0.481176898361 0.487321122811 0.434291644079 0.586253125659 0.597884261921 0.590315114426 0.492945707666 0.491801468429 0.480568448673 0.477676661236 0.492901854877 0.434474651061 0.500541803973 0.427222094334
 0.401404849874 0.378608675409 0.385913009389 0.387020229053 0.336667790901 0.406654999591 0.380016338008 0.365146625786 0.347009590205 0.362567326652 0 0.385514569506 0.376827795274 0.340978392111 0.371797117611 0.360122628954 0.387187310580 0.336546190157 0.414922326517 0.355900384276 0.371047002179 0.362980776659 0.359479668627 0.406353805428 0.390418105148 0.400724566054 0.415279780369 0.415147498838 0.496505790292 0.498380232556 0.551933835775 0.559865659429 0.410705927499 0.448764333074 0.485795861175 0.453485987010 0.490740964693 0.483381771666 0.425389351752 0.487255370461 0.496723790511 0.490123559043 0.483671463804 0.366488370274 0.567150279088 0.487909827486 0.383353634163 0.487049726244 0.489027236714 0.402506728599 0.521296695863 0.524339893632 0.544663035493 0.491830348113 0.493359426401 0.486366386577 0.485007643049 0.493999248950 0.415658117165 0.498261551982 0.414801031180
 0.447394502196 0.418299645901 0.431592004877 0.421809625442 0.408387485122 0.445706824490 0.428935946837 0.407898689663 0.377932217756 0.390240514460 0.385514569506 0 0.390120834651 0.420728591056 0.399588230279 0.342281024880 0.413867858174 0.416735671090 0.407316220254 0.425317119744 0.432383679887 0.423100429928 0.430686839857 0.402073798992 0.383027214765 0.411644500919 0.397023232148 0.415339134401 0.491534947947 0.480936970796 0.543242368586 0.544982818080 0.403362922207 0.457991938475 0.463329494377 0.423148011661 0.475431148431 0.446577258063 0.397117012061 0.461500106392 0.480230791084 0.481302734549 0.470380058245 0.418605430862 0.551291486544 0.477665835404 0.425959591251 0.478895277877 0.478120976421 0.410249107226 0.603381064154 0.617779308270 0.598098927530 0.480746728762 0.485268635525 0.476885389353 0.466528590607 0.483849455754 0.394591570859 0.496121655278 0.396689014063
 0.403744430944 0.428025073765 0.407785856331 0.430724889276 0.387873749508 0.464266689416 0.413538278721 0.407833588278 0.368805529769 0.387650672408 0.376827795274 0.390120834651 0 0.383937428349 0.425522948150 0.396480545041 0.424397955748 0.405044388081 0.437136776561 0.410771985743 0.433174131526 0.421979489911 0.422484778086 0.424461276473 0.419502583260 0.432310559869 0.441312350874 0.430290755397 0.514340670015 0.508744740042 0.570800134363 0.573524568307 0.417525661216 0.483227853549 0.490359408440 0.466526450643 0.498344206691 0.476172824190 0.440623073003 0.482495187863 0.500756457263 0.502696270208 0.493333165007 0.415399105907 0.581486464287 0.499041643109 0.445553394093 0.501268555350 0.501897269040 0.448149103279 0.607794102636 0.625703890153 0.614151395278 0.505537085542 0.506088696154 0.503208818893 0.492823217303 0.507280761299 0.448726063848 0.520513159247 0.437487359811
 0.438448982589 0.412863663326 0.428118765450 0.406542969215 0.239977995633 0.424530672861 0.415832223366 0.408961112356 0.373149849036 0.386823824111 0.340978392111 0.420728591056 0.383937428349 0 0.411795492497 0.392090497931 0.439723655782 0.376353386590 0.435432044625 0.373693353325 0.413636341083 0.401536192173 0.406490108863 0.428033469015 0.420810551800 0.426891073118 0.428325780495 0.423674154925 0.520119113738 0.511161893857 0.573425309173 0.583123769066 0.447311657922 0.483250422984 0.504401316384 0.471297278288 0.511874244504 0.494065101181 0.437566350610 0.498989842521 0.517244172750 0.510044805071 0.504749121426 0.418615434503 0.589364865269 0.512965158904 0.442820055190 0.507395552038 0.515113025170 0.447009014567 0.583925704760 0.589094715762 0.593987567039 0.512427655320 0.517735545438 0.505906971118 0.504596562235 0.517842948500 0.451475517987 0.520609756345 0.431068510224
 0.406179536522 0.433010615170 0.397999797146 0.414759907340 0.416349239390 0.428853205856 0.411537090879 0.408752887241 0.377993318269 0.389551478956 0.371797117611 0.399588230279 0.425522948150 0.411795492497 0 0.410727091838 0.411190997652 0.393475116038 0.440398301194 0.403345778430 0.404938654137 0.401247081337 0.413356793457 0.420206547843 0.405294937817 0.398650820279 0.412670647675 0.424648727623 0.522890431134 0.520002273364 0.576330003888 0.581353131666 0.446903959056 0.478072769668 0.507605771276 0.482601622556 0.509149941200 0.497193330720 0.455451846724 0.505837039237 0.518185792833 0.514758535296 0.507872673132 0.405507734835 0.590759960641 0.516926671325 0.406469574617 0.509651806682 0.510516841176 0.422476805944 0.574002323483 0.585726921272 0.597129150168 0.519419996889 0.515676852629 0.511065473567 0.509202590381 0.519210787182 0.439052695640 0.522379231234 0.451330533017
 0.422198563004 0.424924543781 0.413301444600 0.414073989308 0.375951214350 0.446126831493 0.423722734856 0.414294350162 0.371593172415 0.374344900233 0.360122628954 0.342281024880 0.396480545041 0.392090497931 0.410727091838 0 0.422000426132 0.395770427104 0.417841237845 0.404302682941 0.425661770794 0.423672895786 0.415038768769 0.413210707980 0.370207126405 0.401458416056 0.378669195979 0.396275467831 0.489296201735 0.482512821667 0.538010185324 0.546556996406 0.417497502194 0.439288676833 0.465644052572 0.426132489443 0.472636756858 0.450381763958 0.406043564209 0.461113525178 0.485766553632 0.476321912244 0.464795042571 0.399847099090 0.556356708658 0.476944417421 0.440955857862 0.475434813553 0.477063455152 0.415762265520 0.588876648703 0.601248024960 0.582210077506 0.481409158321 0.483744827477 0.473903706431 0.467652632425 0.484770289121 0.396023669744 0.491129738186 0.383993716064
 0.463135573097 0.444843347854 0.433639955470 0.410300818414 0.433668873871 0.425939725651 0.421744514267 0.418898288788 0.377443426995 0.418269661256 0.387187310580 0.413867858174 0.424397955748 0.439723655782 0.411190997652 0.422000426132 0 0.430095596314 0.457346584916 0.416191149874 0.391892362100 0.412039131711 0.426147821547 0.417365426611 0.444695027278 0.453235351187 0.465704564699 0.451161068074 0.537715856830 0.536435292323 0.595767147372 0.596339067321 0.449975009075 0.487198463931 0.518985675750 0.478713380493 0.529533909122 0.514089188321 0.461227220067 0.519363369132 0.526455537666 0.530448481528 0.527149137743 0.411092223674 0.605288140432 0.528720468026 0.416374114488 0.529478028986 0.528815611260 0.446388769460 0.563714452638 0.577913267642 0.598568667773 0.525823069437 0.522972020872 0.525044600302 0.517757380105 0.528142509701 0.467589153583 0.540027518945 0.474529977181
 0.426425989990 0.419869784539 0.418082768365 0.426224964543 0.383431316156 0.433241163070 0.397724789697 0.408609566594 0.389986024230 0.386152003858 0.336546190157 0.416735671090 0.405044388081 0.376353386590 0.393475116038 0.395770427104 0.430095596314 0 0.442499299369 0.394634044645 0.420274484433 0.408354923738 0.273924809442 0.429330215467 0.408307383637 0.424217089586 0.433884692535 0.435181932226 0.526885614969 0.529334437220 0.582950715562 0.587562901786 0.459625953683 0.475384530667 0.512120007547 0.477853851191 0.514855098824 0.507048689893 0.458963417692 0.509133085975 0.524426346124 0.522485053707 0.516147741183 0.414919987517 0.598671203692 0.524974164521 0.435327313357 0.520393920194 0.523603644683 0.434440423352 0.572056589165 0.581049125583 0.603779917609 0.523349330402 0.524651813666 0.518757210107 0.516845000081 0.525665998505 0.462929574969 0.528700291591 0.454529667833
 0.452369904652 0.432496622110 0.454288242055 0.462793318338 0.432308810410 0.463239132690 0.438318490783 0.435673292701 0.434134555391 0.408194813095 0.414922326517 0.407316220254 0.437136776561 0.435432044625 0.440398301194 0.417841237845 0.457346584916 0.442499299369 0 0.447843877582 0.475782011875 0.459653891478 0.449825793173 0.438800000956 0.431515596764 0.436177695861 0.423945363654 0.419796368450 0.506859319800 0.503171793287 0.559382408191 0.564510113729 0.432494130024 0.443649909598 0.488126370803 0.441540804066 0.495081500071 0.478970305057 0.435702464411 0.486989987219 0.499230965712 0.501118343174 0.490388088654 0.454215274446 0.573978684763 0.500259239418 0.478862172286 0.496086325618 0.498781138052 0.434303596691 0.588317614094 0.600344291196 0.592268944186 0.503440387925 0.508461743272 0.495673556754 0.492970873727 0.505683837020 0.446587967445 0.512593008264 0.426733181633
 0.449111018649 0.431312791125 0.427281514019 0.382674114112 0.368979946734 0.415186640298 0.411690445316 0.411537117038 0.367253681443 0.399498278723 0.355900384276 0.425317119744 0.410771985743 0.373693353325 0.403345778430 0.404302682941 0.416191149874 0.394634044645 0.447843877582 0 0.398488218241 0.400134556358 0.413131871260 0.438295584970 0.429019048954 0.423040826459 0.447186920181 0.429607799545 0.527795534190 0.523530237809 0.584349807977 0.591119675046 0.444451893587 0.489225138051 0.511571228212 0.482109798258 0.521918312307 0.508352436730 0.464042790213 0.512716131107 0.525457328001 0.518997202092 0.511919131475 0.400347721435 0.599827661544 0.517715511436 0.441902850910 0.519422183972 0.519447828328 0.450999254514 0.584953034682 0.594630932097 0.595044127982 0.524078256894 0.524752119457 0.515876339508 0.515436744851 0.520649603095 0.468639761124 0.533585307439 0.450705048137
 0.458289244881 0.456890772263 0.433793497827 0.403323964619 0.410322200723 0.421788728381 0.439072622726 0.415240205157 0.398412204940 0.387802434702 0.371047002179 0.432383679887 0.433174131526 0.413636341083 0.404938654137 0.425661770794 0.391892362100 0.420274484433 0.475782011875 0.398488218241 0 0.422688948017 0.429823895162 0.451041724917 0.440771982281 0.430103919570 0.468527722446 0.466551853839 0.547970173854 0.543879698322 0.605927399170 0.611076106835 0.453010686205 0.500476846683 0.534573264567 0.503216619727 0.543096244939 0.530422818993 0.472958767558 0.537322040698 0.547796983389 0.546790911888 0.535053145925 0.390123000214 0.623964951198 0.544650720551 0.404669910258 0.540320450933 0.541580508396 0.462849170315 0.587811664742 0.606821763664 0.606724010485 0.543188279824 0.543413662041 0.537265379140 0.536599437239 0.543772227708 0.484803430953 0.552788497125 0.467929496738
 0.444927144492 0.420441469569 0.419736718755 0.429511161397 0.403639901958 0.425234260077 0.416717937662 0.424324938972 0.382214097364 0.400044202778 0.362980776659 0.423100429928 0.421979489911 0.401536192173 0.401247081337 0.423672895786 0.412039131711 0.408354923738 0.459653891478 0.400134556358 0.422688948017 0 0.437325733599 0.450114261371 0.446648637492 0.452861319398 0.462356968732 0.456152934010 0.539783992844 0.533687515294 0.594701172966 0.598975586241 0.452044458332 0.492781130428 0.526511174286 0.488407166122 0.524044044377 0.518593849549 0.471353149109 0.519102869549 0.535203445051 0.528066278193 0.524370115035 0.415100266668 0.611837521637 0.531719121407 0.427504001090 0.526618225064 0.526784893985 0.461447790803 0.560546778756 0.571503768711 0.594323010374 0.532644828484 0.529891893396 0.526933793531 0.522845090679 0.532795204100 0.467351171334 0.540324123337 0.471877537808
 0.450431569174 0.380849011407 0.441847133271 0.435644933586 0.407123475092 0.444382500476 0.426181840881 0.398678224764 0.398333678106 0.404358826861 0.359479668627 0.430686839857 0.422484778086 0.406490108863 0.413356793457 0.415038768769 0.426147821547 0.273924809442 0.449825793173 0.413131871260 0.429823895162 0.437325733599 0 0.443999364384 0.443492114936 0.461884613478 0.458139904870 0.452911535982 0.535235484096 0.538298951462 0.597619235337 0.596754230823 0.454935152942 0.480207076301 0.522049752033 0.478759342942 0.532006307814 0.516714566570 0.463070731637 0.517617268358 0.527177814574 0.532177880154 0.529390291110 0.441281857931 0.608004807834 0.528816964202 0.445327420335 0.528105250871 0.536129145155 0.447283759231 0.558813093814 0.567451103072 0.599996158730 0.527351861996 0.530730871417 0.530291566883 0.522296185681 0.529095647554 0.459721692481 0.541218311858 0.463263041065
 0.466728307740 0.444926180762 0.450567699682 0.425502484296 0.426015475794 0.436505909079 0.437325321266 0.435323860424 0.413271218998 0.435646829283 0.406353805428 0.402073798992 0.424461276473 0.428033469015 0.420206547843 0.413210707980 0.417365426611 0.429330215467 0.438800000956 0.438295584970 0.451041724917 0.450114261371 0.443999364384 0 0.439450090536 0.446393454307 0.447004801667 0.431560426357 0.517403002506 0.515650290229 0.570868247170 0.577243611481 0.434439463280 0.463227772587 0.495480896434 0.458179264523 0.511287290280 0.488464683508 0.445332006831 0.496048099305 0.508560507088 0.511756280000 0.499886973544 0.429992897207 0.582700400173 0.509117382762 0.438726277955 0.508587658735 0.511335527996 0.442772683470 0.576262493509 0.586388652042 0.600409596899 0.509755796785 0.509336825389 0.508106311173 0.499719696585 0.510744577010 0.457983866394 0.525653139796 0.454724580741
 0.450581527899 0.433650831730 0.442569469331 0.442626573466 0.412248871184 0.453981415952 0.438005405460 0.416476591506 0.403511227602 0.407710324145 0.390418105148 0.383027214765 0.419502583260 0.420810551800 0.405294937817 0.370207126405 0.444695027278 0.408307383637 0.431515596764 0.429019048954 0.440771982281 0.446648637492 0.443492114936 0.439450090536 0 0.415233307144 0.379961569358 0.429681498255 0.497359944261 0.495753931263 0.555213435915 0.561411567771 0.424126777373 0.453450800838 0.483917742041 0.449269760068 0.491448460235 0.471691904780 0.418724700400 0.478644962980 0.497897681561 0.497088735676 0.482028411867 0.434866766354 0.570348890751 0.492007751211 0.451587642297 0.490605107666 0.494284853424 0.424118653475 0.596210360236 0.613417239889 0.588921339885 0.496971053758 0.500978874281 0.494261137932 0.488183780054 0.501978709998 0.446318490422 0.510201211588 0.432553556732
 0.430453136780 0.441497176715 0.427449270109 0.421687913997 0.421409133525 0.440574462120 0.437704978053 0.432726091870 0.413349816003 0.417563116011 0.400724566054 0.411644500919 0.432310559869 0.426891073118 0.398650820279 0.401458416056 0.453235351187 0.424217089586 0.436177695861 0.423040826459 0.430103919570 0.452861319398 0.461884613478 0.446393454307 0.415233307144 0 0.434995263922 0.443890394701 0.521918851831 0.518622012949 0.576008709680 0.584058001907 0.450769163032 0.478208432527 0.510460671324 0.483151344562 0.514267170933 0.501978204110 0.438551823697 0.507460840079 0.520227174917 0.517908869168 0.503933664461 0.432238726304 0.592555820343 0.513663162142 0.441685105472 0.510554812644 0.511030312720 0.449309927453 0.568670408982 0.582281427832 0.589583852479 0.516498049274 0.517771953663 0.514088973998 0.515968495030 0.520498396935 0.464347818165 0.527173115881 0.437608595905
 0.443730381881 0.458137076578 0.446493254861 0.448699545283 0.445195765991 0.464767561666 0.454401944546 0.444929304441 0.420619394450 0.405550163250 0.415279780369 0.397023232148 0.441312350874 0.428325780495 0.412670647675 0.378669195979 0.465704564699 0.433884692535 0.423945363654 0.447186920181 0.468527722446 0.462356968732 0.458139904870 0.447004801667 0.379961569358 0.434995263922 0 0.442970881620 0.519370955884 0.515058542642 0.572529757332 0.579851826540 0.449927341905 0.464752255349 0.493302101070 0.456045741423 0.501963552171 0.485846485566 0.439266599798 0.494447019617 0.511157541389 0.508327876641 0.500482126160 0.436489181300 0.584428440780 0.504140357035 0.463501374466 0.505534935408 0.505335479862 0.417097752066 0.601817904292 0.615325618189 0.603580420387 0.512667127869 0.514602560978 0.500832211086 0.497901896826 0.516419391075 0.444534773145 0.519287073503 0.432807829874
 0.461163149522 0.451983834011 0.445511852724 0.449273232438 0.431715033312 0.472056304783 0.433533251713 0.451854902712 0.401860211746 0.402622554324 0.415147498838 0.415339134401 0.430290755397 0.423674154925 0.424648727623 0.396275467831 0.451161068074 0.435181932226 0.419796368450 0.429607799545 0.466551853839 0.456152934010 0.452911535982 0.431560426357 0.429681498255 0.443890394701 0.442970881620 0 0.506964463660 0.504817893221 0.567534921140 0.574597436356 0.432681127832 0.456808645125 0.489803178489 0.444454341488 0.490689940291 0.474900578113 0.429661769643 0.485074014545 0.497104376122 0.498550173467 0.489078935060 0.434643437688 0.580938967830 0.501068918639 0.456460906654 0.493975014294 0.493974115412 0.433595668214 0.595223975368 0.614125656846 0.596015272933 0.499942530239 0.501720058464 0.493868144825 0.490636211826 0.503608701893 0.433787251541 0.509915636904 0.415923223159
 0.542188015928 0.521942034312 0.531202159235 0.543698448687 0.515614768628 0.545133827504 0.526626569720 0.524255030547 0.504729876089 0.496625522208 0.496505790292 0.491534947947 0.514340670015 0.520119113738 0.522890431134 0.489296201735 0.537715856830 0.526885614969 0.506859319800 0.527795534190 0.547970173854 0.539783992844 0.535235484096 0.517403002506 0.497359944261 0.521918851831 0.519370955884 0.506964463660 0 0.477087275840 0.543646095826 0.552458463644 0.509075905374 0.514177917262 0.463599700080 0.514647494975 0.445233378942 0.448454015797 0.493354306032 0.459833989787 0.470955233309 0.464784211964 0.461023675932 0.526189296109 0.555148572512 0.479949593830 0.557631858919 0.464043701993 0.470026286953 0.521155657592 0.618286610107 0.638013167050 0.602729752586 0.479296125300 0.477428615051 0.467242316357 0.461680134091 0.473545490800 0.531580581881 0.496249133778 0.517306597154
 0.540448645050 0.517360259592 0.535212583786 0.540508651635 0.504914714499 0.541891891892 0.522863227558 0.515712217379 0.503467440666 0.489367162159 0.498380232556 0.480936970796 0.508744740042 0.511161893857 0.520002273364 0.482512821667 0.536435292323 0.529334437220 0.503171793287 0.523530237809 0.543879698322 0.533687515294 0.538298951462 0.515650290229 0.495753931263 0.518622012949 0.515058542642 0.504817893221 0.477087275840 0 0.542532583724 0.550872190418 0.508360665109 0.511146160835 0.450259508789 0.502022467179 0.463401443835 0.442217324487 0.487194847506 0.449340529840 0.460283023069 0.463388965032 0.460347064422 0.527129180351 0.551453058424 0.470771549867 0.560928487045 0.457537315907 0.472666140866 0.512893323192 0.619595305860 0.640082777465 0.594336119521 0.467606431735 0.475348237966 0.464981523994 0.459374879205 0.470773009949 0.525759278063 0.494575755400 0.509565149044
 0.600058983015 0.576114666099 0.594388755613 0.600181736319 0.569672880081 0.606342041578 0.590502172162 0.579236985639 0.558373592359 0.551823158089 0.551933835775 0.543242368586 0.570800134363 0.573425309173 0.576330003888 0.538010185324 0.595767147372 0.582950715562 0.559382408191 0.584349807977 0.605927399170 0.594701172966 0.597619235337 0.570868247170 0.555213435915 0.576008709680 0.572529757332 0.567534921140 0.543646095826 0.542532583724 0 0.292354942006 0.567046408507 0.573247043531 0.524907263499 0.566616393803 0.533341434542 0.503815779298 0.553057904099 0.519068294735 0.538537329347 0.531145515701 0.522231348148 0.583996954330 0.253994582762 0.537224645538 0.616532683919 0.532131999162 0.531835426801 0.576208269904 0.675363561216 0.694636887549 0.665549706151 0.540543252224 0.541644606444 0.528775101236 0.525117697876 0.539767808423 0.585433122373 0.552766502796 0.571345264239
 0.609027464235 0.581084941608 0.600634469251 0.605732116267 0.579026580549 0.616047598654 0.598461314058 0.580481446173 0.559666982109 0.559268696313 0.559865659429 0.544982818080 0.573524568307 0.583123769066 0.581353131666 0.546556996406 0.596339067321 0.587562901786 0.564510113729 0.591119675046 0.611076106835 0.598975586241 0.596754230823 0.577243611481 0.561411567771 0.584058001907 0.579851826540 0.574597436356 0.552458463644 0.550872190418 0.292354942006 0 0.575636876704 0.581168994572 0.526260116692 0.567344777022 0.537076390939 0.507598892514 0.554374463605 0.519677267567 0.538385274503 0.537326030291 0.532419460241 0.593976072942 0.287535157135 0.538670537827 0.618375403318 0.537806194224 0.540443782231 0.577236120168 0.678910244564 0.700214000322 0.672934165630 0.543189518172 0.542987017892 0.534208514330 0.524675371166 0.539108568070 0.589534630103 0.561799072403 0.575760278496
 0.469282997059 0.442017128902 0.467729816790 0.461847177919 0.427555543505 0.467558070552 0.454581747635 0.455127659727 0.416049635027 0.417900813563 0.410705927499 0.403362922207 0.417525661216 0.447311657922 0.446903959056 0.417497502194 0.449975009075 0.459625953683 0.432494130024 0.444451893587 0.453010686205 0.452044458332 0.454935152942 0.434439463280 0.424126777373 0.450769163032 0.449927341905 0.432681127832 0.509075905374 0.508360665109 0.567046408507 0.575636876704 0 0.445379273673 0.489792826763 0.441638255424 0.493737190499 0.476940246926 0.430376863524 0.487697541411 0.504732991711 0.500523477524 0.490404378420 0.440245842661 0.579205919342 0.503813527391 0.477585767331 0.495881730983 0.496692124226 0.435013281787 0.595434640883 0.612063218322 0.590529498928 0.503696064142 0.505857872753 0.495136361219 0.491516963294 0.506399777392 0.448141243583 0.518127152411 0.445895449343
 0.486769792392 0.476569584297 0.493257924635 0.502570570185 0.471103863883 0.488469762137 0.473176366633 0.469432510635 0.464624359962 0.450950822981 0.448764333074 0.457991938475 0.483227853549 0.483250422984 0.478072769668 0.439288676833 0.487198463931 0.475384530667 0.443649909598 0.489225138051 0.500476846683 0.492781130428 0.480207076301 0.463227772587 0.453450800838 0.478208432527 0.464752255349 0.456808645125 0.514177917262 0.511146160835 0.573247043531 0.581168994572 0.445379273673 0 0.501422339396 0.446878103607 0.509463423432 0.490042194200 0.427758229369 0.502921884883 0.511116320971 0.510577131628 0.499682895582 0.488415595166 0.589735382129 0.512074745776 0.506277242957 0.501931612177 0.512952276780 0.468905636004 0.573600245189 0.589117770083 0.583779534583 0.514267008395 0.508127167656 0.507708771025 0.503990037570 0.510507074274 0.464169315755 0.519595530528 0.466939741871
 0.529168128088 0.507264843332 0.520193914037 0.525353447563 0.500587457170 0.537983176422 0.521793247358 0.504066302740 0.482028652777 0.478627383999 0.485795861175 0.463329494377 0.490359408440 0.504401316384 0.507605771276 0.465644052572 0.518985675750 0.512120007547 0.488126370803 0.511571228212 0.534573264567 0.526511174286 0.522049752033 0.495480896434 0.483917742041 0.510460671324 0.493302101070 0.489803178489 0.463599700080 0.450259508789 0.524907263499 0.526260116692 0.489792826763 0.501422339396 0 0.487383799209 0.450583951075 0.416382400298 0.470488082177 0.432313122350 0.460594229238 0.457620030841 0.445682504269 0.512803584507 0.531817701063 0.446132892850 0.542147379861 0.449010918451 0.459331122306 0.499038363443 0.608796511376 0.628148659093 0.596009132371 0.463294608423 0.459867393297 0.456242705729 0.444494950997 0.460045751924 0.507481815985 0.477824777978 0.500600367186
 0.496458258057 0.456518163862 0.492401233349 0.493544316526 0.468516811262 0.498161600754 0.470702687135 0.456606864095 0.453253125189 0.441417850511 0.453485987010 0.423148011661 0.466526450643 0.471297278288 0.482601622556 0.426132489443 0.478713380493 0.477853851191 0.441540804066 0.482109798258 0.503216619727 0.488407166122 0.478759342942 0.458179264523 0.449269760068 0.483151344562 0.456045741423 0.444454341488 0.514647494975 0.502022467179 0.566616393803 0.567344777022 0.441638255424 0.446878103607 0.487383799209 0 0.496883546989 0.470488050794 0.394866183512 0.484581504795 0.503358322555 0.505161805393 0.489044887145 0.481431729885 0.576985854850 0.493316063268 0.503401971489 0.502509772211 0.499099580957 0.464398848523 0.604835973467 0.623065722666 0.609372681347 0.500924762357 0.506932921496 0.498564547048 0.487617091614 0.501189869917 0.444649986038 0.515533629395 0.452836192070
 0.539221386400 0.512869855455 0.525681083966 0.537638676120 0.505496998051 0.542163510540 0.521008266309 0.514366431025 0.492760691490 0.480118082905 0.490740964693 0.475431148431 0.498344206691 0.511874244504 0.509149941200 0.472636756858 0.529533909122 0.514855098824 0.495081500071 0.521918312307 0.543096244939 0.524044044377 0.532006307814 0.511287290280 0.491448460235 0.514267170933 0.501963552171 0.490689940291 0.445233378942 0.463401443835 0.533341434542 0.537076390939 0.493737190499 0.509463423432 0.450583951075 0.496883546989 0 0.433520951226 0.482228668202 0.441542051275 0.459399192124 0.459760880370 0.447507318354 0.514257060511 0.546086999409 0.468864801935 0.551721308695 0.455331867432 0.464523926460 0.515191248806 0.611932447742 0.633240668854 0.601169116238 0.474050837008 0.472041316132 0.458351522454 0.455649655423 0.469046815012 0.519414487306 0.485364690490 0.508235475195
 0.522803550366 0.500783061309 0.513400886552 0.522147590286 0.488905059293 0.532538180849 0.511114499558 0.496086522975 0.473261312705 0.466615992397 0.483381771666 0.446577258063 0.476172824190 0.494065101181 0.497193330720 0.450381763958 0.514089188321 0.507048689893 0.478970305057 0.508352436730 0.530422818993 0.518593849549 0.516714566570 0.488464683508 0.471691904780 0.501978204110 0.485846485566 0.474900578113 0.448454015797 0.442217324487 0.503815779298 0.507598892514 0.476940246926 0.490042194200 0.416382400298 0.470488050794 0.433520951226 0 0.459276708008 0.398579239934 0.441031882903 0.441005126672 0.427250828483 0.506328823979 0.511486889229 0.440017414398 0.540208850509 0.436639294182 0.439597594478 0.497903477381 0.621174791943 0.642573068089 0.598882236111 0.428188536369 0.443433406723 0.439958304965 0.424621758901 0.444475414703 0.501519035827 0.466838016714 0.486076842137
 0.473518390886 0.439709520489 0.466866166259 0.467500828577 0.437942392599 0.469945878041 0.452222910367 0.450536633635 0.438696228560 0.426420146886 0.425389351752 0.397117012061 0.440623073003 0.437566350610 0.455451846724 0.406043564209 0.461227220067 0.458963417692 0.435702464411 0.464042790213 0.472958767558 0.471353149109 0.463070731637 0.445332006831 0.418724700400 0.438551823697 0.439266599798 0.429661769643 0.493354306032 0.487194847506 0.553057904099 0.554374463605 0.430376863524 0.427758229369 0.470488082177 0.394866183512 0.482228668202 0.459276708008 0 0.472502048451 0.486514689070 0.489630370126 0.476064363528 0.460961971357 0.560036070133 0.483102674298 0.469410840349 0.482830295767 0.488004267271 0.438274034834 0.586739143163 0.601079270562 0.590496831140 0.482927434100 0.492580624208 0.484504405326 0.475783824147 0.485749886862 0.450443526762 0.499465955048 0.434419934142
 0.528154767883 0.503507767582 0.521022813043 0.520764185462 0.496132565777 0.538825135852 0.518014653742 0.500057190299 0.480542669361 0.474358959717 0.487255370461 0.461500106392 0.482495187863 0.498989842521 0.505837039237 0.461113525178 0.519363369132 0.509133085975 0.486989987219 0.512716131107 0.537322040698 0.519102869549 0.517617268358 0.496048099305 0.478644962980 0.507460840079 0.494447019617 0.485074014545 0.459833989787 0.449340529840 0.519068294735 0.519677267567 0.487697541411 0.502921884883 0.432313122350 0.484581504795 0.441542051275 0.398579239934 0.472502048451 0 0.450077685060 0.446800130703 0.441313070701 0.512245107799 0.528520076421 0.447953018041 0.542189532240 0.438388926515 0.453609011909 0.491574401041 0.612295959820 0.636757252060 0.604464229852 0.442971743803 0.449305983886 0.449819643127 0.441803501216 0.458118635312 0.509630033614 0.474979372016 0.495611628543
 0.539218638708 0.519463448226 0.530951723914 0.532755912474 0.512339480808 0.544411298673 0.529888506682 0.514786798268 0.494721828432 0.493195555374 0.496723790511 0.480230791084 0.500756457263 0.517244172750 0.518185792833 0.485766553632 0.526455537666 0.524426346124 0.499230965712 0.525457328001 0.547796983389 0.535203445051 0.527177814574 0.508560507088 0.497897681561 0.520227174917 0.511157541389 0.497104376122 0.470955233309 0.460283023069 0.538537329347 0.538385274503 0.504732991711 0.511116320971 0.460594229238 0.503358322555 0.459399192124 0.441031882903 0.486514689070 0.450077685060 0 0.458213803653 0.464133527624 0.529367838501 0.552546452006 0.470604569684 0.552665676339 0.469293342977 0.471297044186 0.515110823707 0.608349464250 0.628819086852 0.603182059039 0.470237921483 0.472853595973 0.466519071549 0.458996685025 0.476046060643 0.522768828624 0.493162347508 0.510565575214
 0.537184923931 0.513561707141 0.526394026795 0.541363362403 0.506995377794 0.545672160661 0.524879734746 0.519983554351 0.497990152432 0.490203942927 0.490123559043 0.481302734549 0.502696270208 0.510044805071 0.514758535296 0.476321912244 0.530448481528 0.522485053707 0.501118343174 0.518997202092 0.546790911888 0.528066278193 0.532177880154 0.511756280000 0.497088735676 0.517908869168 0.508327876641 0.498550173467 0.464784211964 0.463388965032 0.531145515701 0.537326030291 0.500523477524 0.510577131628 0.457620030841 0.505161805393 0.459760880370 0.441005126672 0.489630370126 0.446800130703 0.458213803653 0 0.452070650044 0.521334219156 0.547090740108 0.470200228955 0.556677439062 0.458554078676 0.477847167477 0.526961427473 0.624655337261 0.639522200094 0.611174575698 0.481033064514 0.469678670191 0.467263528978 0.460441359434 0.469268433674 0.517310843137 0.493113258128 0.506676015276
 0.528009359141 0.506868792102 0.516866145526 0.527567148867 0.498998038601 0.537212908925 0.516633996321 0.508143218153 0.489163061824 0.478142250377 0.483671463804 0.470380058245 0.493333165007 0.504749121426 0.507872673132 0.464795042571 0.527149137743 0.516147741183 0.490388088654 0.511919131475 0.535053145925 0.524370115035 0.529390291110 0.499886973544 0.482028411867 0.503933664461 0.500482126160 0.489078935060 0.461023675932 0.460347064422 0.522231348148 0.532419460241 0.490404378420 0.499682895582 0.445682504269 0.489044887145 0.447507318354 0.427250828483 0.476064363528 0.441313070701 0.464133527624 0.452070650044 0 0.520328360054 0.544418363228 0.461141759656 0.554508527435 0.454163678533 0.454405402342 0.508364911839 0.615123405913 0.631493833021 0.597395380677 0.459390332710 0.460614889309 0.459118942967 0.449992156101 0.463766984319 0.508742529478 0.474839603272 0.500805538184
 0.445741464740 0.449492577926 0.425939861688 0.404602682332 0.389245447997 0.436146655390 0.419726584432 0.425304256536 0.390680510387 0.405015271622 0.366488370274 0.418605430862 0.415399105907 0.418615434503 0.405507734835 0.399847099090 0.411092223674 0.414919987517 0.454215274446 0.400347721435 0.390123000214 0.415100266668 0.441281857931 0.429992897207 0.434866766354 0.432238726304 0.436489181300 0.434643437688 0.526189296109 0.527129180351 0.583996954330 0.593976072942 0.440245842661 0.488415595166 0.512803584507 0.481431729885 0.514257060511 0.506328823979 0.460961971357 0.512245107799 0.529367838501 0.521334219156 0.520328360054 0 0.605086419034 0.526081723753 0.295314514337 0.524090064369 0.518591432408 0.433924455374 0.583237354322 0.594549703222 0.599363007358 0.523990703384 0.519943191623 0.517383498331 0.517205016489 0.526194235854 0.454525201201 0.530156514358 0.440806837933
