ID	0_L155.variant4.variant2	0_LIC11.variant4.variant2	0_LIC20.variant4.variant2	0_LIC23.variant4.variant2	0_LIC24.variant4.variant2	0_LIC27B.variant5.variant2	0_LIC28.variant5.variant2	0_LIC31.variant5.variant2	0_LIC32.variant5.variant2	0_LIC36.variant5.variant2	0_LIC46.variant5.variant2	0_LIC47.variant5.variant2	0_LIC48.variant6.variant2	0_LIC54.variant6.variant2	0_LIC57.variant6.variant2	0_LIC60.variant6.variant2	0_LIC8.variant4.variant2	0_LIC9.variant4.variant2	0_LIT2.variant6.variant2	0_LIT5.variant6.variant2	0_LRK10.variant6.variant2	0_LRK11.variant7.variant2	0_LRK12.variant7.variant2	0_LRK13.variant7.variant2	0_LRK17.variant7.variant2	0_LRK22.variant7.variant2	0_a109.variant.variant.variant2	0_a182.variant.variant.variant2	0_a202.variant.variant.variant2	0_a33.variant.variant.variant2	0_a475.variant.variant.variant2	0_a494.variant.variant.variant2	0_a507.variant.variant.variant2	0_a697.variant	0_a772.variant	0_a794.variant	0_a803.variant	0_a818.variant	0_a857.variant	0_b114.variant	0_b124.variant2.variant.variant2	0_b13.variant2.variant2	0_b188.variant2.variant.variant2	0_b23.variant2.variant.variant2	0_b276.variant2.variant.variant2	0_b554.variant2.variant.variant2	0_b90.variant2.variant.variant2	0_c165.variant2.variant.variant2	0_c323.variant2.variant2	0_c548.variant2.variant2	0_cb15.variant2.variant2	0_cb42.variant2.variant2	0_cb7.variant2.variant2	0_f264.variant2.variant2	0_f457.variant3.variant2	0_fha_024.variant3.variant2	0_fha_042.variant3.variant2	0_fha_043.variant3.variant2	0_l09_003.variant3.variant2	0_l09_007.variant3.variant2	0_l09_015.variant3.variant2
0_L155.variant4.variant2	0	0.640904007016861	0.643314587535978	0.660450885948866	0.695247021606444	0.63886402251481	0.58554004376912	0.590490681791863	0.67194624645034	0.588994187689701	0.670622481933268	0.596201786441388	0.578311719096582	0.616499961205242	0.616687428035724	0.648798579927111	0.654114033284202	0.620416366467254	0.560473172876983	0.707775002769563	0.667344822731124	0.616683474290244	0.623330885568872	0.575221044214237	0.654310986377424	0.657658649064175	0.609984046441177	0.618696056336698	0.728519862986241	0.670505380134069	0.70804038338943	0.78711340435303	0.584546760536946	0.513513585537564	0.680379444346552	0.609231311324093	0.711667470266341	0.677538599185988	0.592637757989754	0.656712934733618	0.693697866537027	0.778888096369862	0.676256485843699	0.668360084319926	0.733732673637774	0.592490317321222	0.59663137048605	0.669713024434954	0.642364054837573	0.600471512842907	0.605719862415075	0.664909966204369	0.62152286558999	0.636479679941727	0.653669057699858	0.673115229473775	0.685296659900773	0.64249513616836	0.60525250754524	0.644950803132718	0.595556760276093
0_LIC11.variant4.variant2	0.640904007016861	0	0.614693128381802	0.672107545811683	0.674298820318239	0.634850766492437	0.6	0.592293900834035	0.654812093571727	0.581290207284404	0.702407435743516	0.624022414268858	0.619766774281636	0.653774039481262	0.674215064092593	0.65023552354526	0.679933513153737	0.649593589089298	0.618416546019141	0.664358924878028	0.67875564075605	0.676891289781319	0.548298804437296	0.644321438005473	0.671399957584128	0.641552886367965	0.655172573694585	0.653106334517651	0.744742336869174	0.693216560019067	0.725131546870201	0.739932429347437	0.672433120815271	0.582538943717612	0.659377479607046	0.611010092660779	0.729519418220162	0.741634864144696	0.61686380287903	0.674685792413402	0.708030386607841	0.770899289327545	0.703562363973514	0.679427421894069	0.688573404462686	0.676123403782813	0.583312235905404	0.690494115040112	0.706540869306228	0.640267902879131	0.810545026647788	0.830542789086337	0.633398792113425	0.656633558431035	0.624773307407737	0.74241572071327	0.741852294992883	0.637740164325525	0.633996229887998	0.656876187574657	0.552679423766206
0_LIC20.variant4.variant2	0.643314587535978	0.614693128381802	0	0.681610293784207	0.721651378316073	0.662276965055492	0.6395105527016	0.624773307407737	0.684531798957348	0.69086485674251	0.749525941765988	0.652305283901728	0.591134502461157	0.651123847014486	0.703562363973514	0.681703812381585	0.727350301806813	0.654805544894154	0.703995565396232	0.693223008515213	0.689649503991821	0.645681172796743	0.595294044989533	0.642469403596762	0.704560666789119	0.699595258711464	0.67116431554541	0.709142075588727	0.769103996923584	0.744067445623287	0.786301113697527	0.84	0.713427742520589	0.66407830863536	0.668196443036392	0.6800923446633	0.759320780261727	0.790310866303593	0.668766268697556	0.726297826255323	0.772752504390184	0.827654148495397	0.729447066794989	0.642570935375896	0.805687793798405	0.719776501624291	0.634046617647414	0.768723447310015	0.806119936197981	0.639539083174633	0.776580274715321	0.871039423573557	0.741852294992883	0.724073518461126	0.722020569848435	0.790577758738593	0.817190308312574	0.783251649259301	0.632894584868251	0.683449196164805	0.655235326682966
0_LIC23.variant4.variant2	0.660450885948866	0.672107545811683	0.681610293784207	0	0.716590402569105	0.61878407057092	0.606433173589515	0.675795108835669	0.64919176093247	0.633966777992417	0.722020569848435	0.634733863912799	0.631765203795898	0.691554896723667	0.682216386534282	0.727097881080208	0.715181898900449	0.6689152379495	0.668306925253258	0.618065441499159	0.731882623043506	0.678656328735419	0.568702435279688	0.624055389745005	0.661751231161022	0.683046838925159	0.65300534545943	0.71745428522465	0.781606736734715	0.733212111192935	0.759243856637996	0.833526457372642	0.701356418981306	0.703307834318887	0.73837138872813	0.679333479157044	0.811985686275923	0.768501024220546	0.688252683447294	0.739642946929728	0.796910926094433	0.870659968350334	0.741691315216201	0.683542943244955	0.771071854254679	0.725772583686105	0.638283225441537	0.802285890815992	0.809268345011275	0.630446995895885	0.706018086497463	0.841051972860555	0.77530698270504	0.73926045754956	0.728372374400261	0.789150569086569	0.83978606901474	0.789052196667527	0.6609393514124	0.732086689023505	0.600715563760548
0_LIC24.variant4.variant2	0.695247021606444	0.674298820318239	0.721651378316073	0.716590402569105	0	0.712770115193813	0.674595439335317	0.74792154498913	0.755228687465175	0.74391650385368	0.777645197103642	0.763636363636364	0.699565082281717	0.66932802122726	0.698805922988879	0.7781781782047	0.767063945687837	0.757760292916896	0.691672318389633	0.765480414446158	0.762213331683194	0.739149148287836	0.698818879314917	0.672801274755152	0.759751033619498	0.735431830932877	0.729262572309226	0.805712091582529	0.787820630280782	0.76947156314349	0.824955411886771	0.877581479824719	0.747543344985145	0.693226312117787	0.766279626519861	0.759221270849776	0.814592931368556	0.816233999611745	0.69019101440372	0.789240624498498	0.817327149089673	0.851881414191255	0.7834615740512	0.752335419670633	0.852397957811381	0.760962436515255	0.716395112379037	0.800745920907966	0.820197146087419	0.728772030054147	0.678607113293987	0.744067445623287	0.759451425086469	0.756510206347338	0.755585263824733	0.85540320510513	0.854954600210475	0.800529626009684	0.706222344591277	0.747484469185954	0.731349297443974
0_LIC27B.variant5.variant2	0.63886402251481	0.634850766492437	0.662276965055492	0.61878407057092	0.712770115193813	0	0.687118001176642	0.672158173475181	0.698385234296854	0.741174274857868	0.7834615740512	0.699464463237344	0.666862716271454	0.67281715705626	0.695521387162178	0.709799108184953	0.669127112316468	0.655875758341946	0.697216688778396	0.67336884805902	0.689256205126648	0.729105069862054	0.625137153092816	0.688042194822142	0.691672318389633	0.669713024434954	0.68490211643045	0.704651213958603	0.776912359517634	0.72864635311012	0.794754773604319	0.851637448455817	0.678249147294	0.67508048567967	0.7117636818514	0.67008560836419	0.801758630392246	0.76730046266114	0.700226207793916	0.71917855078787	0.775751922186545	0.846760535937605	0.722154942191875	0.665359078019307	0.789768831133411	0.706222344591277	0.642766917250857	0.760783771060296	0.778033658656411	0.69638240472333	0.689044707327218	0.723627226986633	0.713201736129344	0.715694369150778	0.690438125752041	0.802772971919486	0.792065919638405	0.744103582067087	0.702034296645865	0.741829777432209	0.607272992816969
0_LIC28.variant5.variant2	0.58554004376912	0.6	0.6395105527016	0.606433173589515	0.674595439335317	0.687118001176642	0	0.623803978119762	0.687707188031787	0.695500489023953	0.691747014369086	0.640801835641179	0.594209345065114	0.659752019529101	0.636254097910916	0.686438206252563	0.693660614813678	0.612414715417076	0.646240759039592	0.723489064269004	0.737168133122985	0.645749827793601	0.619677335393187	0.613424480078991	0.672433120815271	0.681645068932505	0.657655409996658	0.712403884307959	0.727521968535968	0.654871610126113	0.714051115560495	0.792143835851498	0.672383098550493	0.572284042474328	0.682078272070566	0.662256801245906	0.736246899190418	0.708895444400444	0.600110487064743	0.714771992393293	0.733212111192935	0.771741721226044	0.687960989141568	0.659345768247028	0.74301974807423	0.681418222783685	0.67035381189998	0.685964318278917	0.717774337797054	0.652418749129151	0.601074307037529	0.674231588769109	0.607832691546665	0.704743168771838	0.637205651362732	0.728991475552747	0.755561901109212	0.692820323027551	0.615516894842043	0.647702787043288	0.62512607424075
0_LIC31.variant5.variant2	0.590490681791863	0.592293900834035	0.624773307407737	0.675795108835669	0.74792154498913	0.672158173475181	0.623803978119762	0	0.638501785297511	0.702266657537815	0.76594168620507	0.693174073534659	0.595033205904538	0.630982990962293	0.653285148666526	0.680505755230295	0.714408669345105	0.573565077118341	0.64054432298083	0.647001394783008	0.722504760609122	0.708822902100416	0.547179989212014	0.632798047916912	0.659316140455159	0.645174395028197	0.673626896639593	0.649428458088905	0.740345684017659	0.68730561349555	0.755314504031268	0.778322660290713	0.675149863459585	0.600799467376595	0.672841578288444	0.655566504529072	0.754939389059144	0.758814452314103	0.679869268479038	0.700846945258354	0.702289832743086	0.789741088664167	0.726500429967751	0.675464752284638	0.72561385317366	0.691008077383618	0.611367722245196	0.711785602169289	0.729016438876975	0.656956891042249	0.741101051969817	0.824223429838707	0.675988165576883	0.672745276383678	0.712299546637078	0.737696630748985	0.77530698270504	0.70174878829087	0.686339880485142	0.674055743272148	0.60748469684739
0_LIC32.variant5.variant2	0.67194624645034	0.654812093571727	0.684531798957348	0.64919176093247	0.755228687465175	0.698385234296854	0.687707188031787	0.638501785297511	0	0.750568646702734	0.7901352577187	0.723944537778899	0.632200458205179	0.715215245024411	0.68333640359883	0.708092754402422	0.693956405216752	0.680680773776866	0.692104229479065	0.711413231962183	0.725094240792939	0.718377545822906	0.693226312117787	0.705083581671604	0.735653295208407	0.689568475658704	0.70076880857878	0.684268769397893	0.742480476892812	0.731849684290456	0.77399597378918	0.823745165424948	0.716378982984738	0.665551049399603	0.723567754849529	0.683534150508402	0.795609131433499	0.775345433717175	0.696527974680267	0.716117712943118	0.763307472695204	0.837491283596076	0.742888994380058	0.654396893419924	0.778227205829131	0.755195390342505	0.667308927573487	0.765263381355225	0.779479911740081	0.662667875237126	0.879180155871863	0.865217334702345	0.774308661546366	0.738459599873386	0.703699423289716	0.785730193921042	0.789808501064929	0.757976452066152	0.711614440561947	0.721902249021886	0.669985191754955
0_LIC36.variant5.variant2	0.588994187689701	0.581290207284404	0.69086485674251	0.633966777992417	0.74391650385368	0.741174274857868	0.695500489023953	0.702266657537815	0.750568646702734	0	0.709814353720611	0.716993723821903	0.657655409996658	0.635093734378592	0.719347605923425	0.723903790049276	0.654367995983623	0.688296964613928	0.63929455200212	0.727455110994023	0.71566261113249	0.692048378138221	0.626979623493349	0.692082887668995	0.732836393970625	0.701090853085016	0.730917231976371	0.728123570849227	0.775610760885734	0.722478586978171	0.766536293626881	0.825164305060654	0.722025845327798	0.63862324077077	0.698145692106889	0.705171033899124	0.795872341772661	0.759969133533168	0.643399595130719	0.741626923175955	0.76730046266114	0.809487312774925	0.776302319062079	0.702648052522944	0.802706265951369	0.72575568304727	0.677276215197577	0.746402287557632	0.773073212799064	0.682631233873644	0.763450812336422	0.858009193004888	0.709696159672049	0.689884630487347	0.705625067405698	0.767726084804198	0.77244440981841	0.706965345685346	0.688430709734293	0.66319554143575	0.603158184649689
0_LIC46.variant5.variant2	0.670622481933268	0.702407435743516	0.749525941765988	0.722020569848435	0.777645197103642	0.7834615740512	0.691747014369086	0.76594168620507	0.7901352577187	0.709814353720611	0	0.826224415468189	0.776138156675093	0.67989611478474	0.792817907885325	0.786462643698279	0.759151289014022	0.756633946506555	0.745667690441612	0.788165789375808	0.811348084539376	0.79358449948791	0.628541190328418	0.774130839790166	0.766176890167686	0.782807054928545	0.811754532421327	0.82014301247192	0.848101634186344	0.820537898422792	0.827768761517632	0.896868570527057	0.83402682173389	0.776120283397179	0.789332856034698	0.825590697622012	0.884184470694788	0.872961543064815	0.761701879557011	0.839540103989617	0.875846697782511	0.905400064479722	0.84826474206211	0.790455396809555	0.8758965583834	0.847462146880603	0.764832107632938	0.875681552745164	0.839540103989617	0.799039730778616	0.896717661308488	0.989949493661167	0.781255215809927	0.841567165541555	0.824853852000043	0.902460405008827	0.908473302308435	0.842852300228219	0.765361776145071	0.755777745107647	0.724912153527414
0_LIC47.variant5.variant2	0.596201786441388	0.624022414268858	0.652305283901728	0.634733863912799	0.763636363636364	0.699464463237344	0.640801835641179	0.693174073534659	0.723944537778899	0.716993723821903	0.826224415468189	0	0.638423133869166	0.691008077383618	0.647747666360076	0.674031947423755	0.702241755396958	0.633980082507124	0.650108844297601	0.729262572309226	0.70571777523887	0.657267069006199	0.636479679941727	0.617219704345279	0.703074757979655	0.706455588064777	0.618860651315889	0.696867993238318	0.758355941784486	0.716828499929946	0.756616506717995	0.832012558774916	0.686511259866627	0.630564778828082	0.692138748516249	0.656330123313894	0.794670706755754	0.76266863246107	0.663206242193964	0.720039563700335	0.733799385705343	0.798092007576616	0.739273633571191	0.69655340101927	0.792449921832741	0.687722238140402	0.64984235162631	0.742099855222969	0.753459604255981	0.694891539376474	0.847241513275986	0.808602397867974	0.676683495059683	0.7186100503395	0.677225970291154	0.739460172559244	0.784514664481132	0.752315524023553	0.579356509400345	0.693533468170577	0.60195759084546
0_LIC48.variant6.variant2	0.578311719096582	0.619766774281636	0.591134502461157	0.631765203795898	0.699565082281717	0.666862716271454	0.594209345065114	0.595033205904538	0.632200458205179	0.657655409996658	0.776138156675093	0.638423133869166	0	0.692066027405944	0.683202489434471	0.684716882588947	0.718973627418334	0.595870102528962	0.629233768273076	0.694313472007424	0.732026002929894	0.666604792178931	0.55130800869033	0.627699382394137	0.664346244215612	0.667506717113247	0.676891289781319	0.676773886035786	0.701154164015426	0.668974160234392	0.725988170378424	0.769895097749337	0.631290430279094	0.565847768308858	0.640056349978298	0.656809521391397	0.721500783285569	0.728372374400261	0.632653762890145	0.674619234169254	0.709253128297648	0.778697262581289	0.698107759095614	0.661201805738503	0.74098903379297	0.67019446563043	0.623609564462324	0.695665592999935	0.699735958649276	0.640189246468086	0.784503374469769	0.774177855115574	0.719323919096811	0.666666666666667	0.675240620531575	0.710796928692458	0.747907613555642	0.706889176386446	0.629735280578395	0.619510373963403	0.613222187120787
0_LIC54.variant6.variant2	0.616499961205242	0.653774039481262	0.651123847014486	0.691554896723667	0.66932802122726	0.67281715705626	0.659752019529101	0.630982990962293	0.715215245024411	0.635093734378592	0.67989611478474	0.691008077383618	0.692066027405944	0	0.71780803849608	0.7159622063194	0.698618083712951	0.655666828426595	0.739169589076775	0.698170366361332	0.754939389059144	0.654545454545455	0.554408171884787	0.660175344577168	0.675201774210818	0.71136946211368	0.701830068482519	0.701655795682593	0.764426468724727	0.686762761305213	0.745944449016888	0.836483124105513	0.675334252106221	0.675026204942068	0.675795108835669	0.686068258391549	0.804291997482284	0.743487857028201	0.678105881265527	0.748744806012293	0.74565407529229	0.835744142267711	0.729525167062097	0.690967363509954	0.755046647621745	0.71258778440436	0.690359141810153	0.765866649057087	0.76194590036012	0.718377545822906	0.685603247856588	0.79212996377998	0.730594155994921	0.720350407612908	0.690581802400303	0.763337110524438	0.761392349488196	0.747833088037196	0.685418600359022	0.675497073492029	0.630564778828082
0_LIC57.variant6.variant2	0.616687428035724	0.674215064092593	0.703562363973514	0.682216386534282	0.698805922988879	0.695521387162178	0.636254097910916	0.653285148666526	0.68333640359883	0.719347605923425	0.792817907885325	0.647747666360076	0.683202489434471	0.71780803849608	0	0.762885284760381	0.746190324247105	0.712350591840698	0.704211927265276	0.704966305550425	0.735064275296991	0.692029883154636	0.637792804143281	0.665758246327593	0.742172265805687	0.690547532901615	0.689683007331926	0.712340207645596	0.767646432774643	0.724796892344435	0.731815071922125	0.823054891753102	0.732285753133587	0.663631508942287	0.711614440561947	0.734720779683593	0.776759189652544	0.782601021243991	0.69530801621301	0.753779620363377	0.786224512590803	0.827429452239042	0.738024966423108	0.676313688097683	0.757730633431996	0.7540309616531	0.601926532486136	0.739470612046102	0.7575704874652	0.702566125390091	0.666862716271454	0.8333817490591	0.743126923050414	0.725846803777847	0.66828464098071	0.764654213841869	0.786358189233021	0.760065204468832	0.647731082746193	0.677131791224254	0.657525988484041
0_LIC60.variant6.variant2	0.648798579927111	0.65023552354526	0.681703812381585	0.727097881080208	0.7781781782047	0.709799108184953	0.686438206252563	0.680505755230295	0.708092754402422	0.723903790049276	0.786462643698279	0.674031947423755	0.684716882588947	0.7159622063194	0.762885284760381	0	0.747490182566773	0.675334252106221	0.69530801621301	0.734461277611419	0.782612277786993	0.687386354243376	0.694489772009505	0.632455532033676	0.708267807099226	0.709681476961417	0.682735064010966	0.700587988343909	0.745601043261609	0.720584674538987	0.785584404849573	0.816943853807575	0.706383621438416	0.627202884756294	0.695221787153807	0.725853914589874	0.784199799256142	0.764891080977387	0.67476779168859	0.720225728228028	0.761773265127286	0.808115931977966	0.734807401124497	0.728610599222461	0.805174256147076	0.718083257259516	0.665425200660764	0.752351846336275	0.756812469489128	0.674640231702109	0.617914380653325	0.894427190999916	0.766710704156009	0.73721038074151	0.710517994772492	0.714071477336259	0.791899604806897	0.724912153527414	0.617277026816203	0.706357423666551	0.661685902049735
0_LIC8.variant4.variant2	0.654114033284202	0.679933513153737	0.727350301806813	0.715181898900449	0.767063945687837	0.669127112316468	0.693660614813678	0.714408669345105	0.693956405216752	0.654367995983623	0.759151289014022	0.702241755396958	0.718973627418334	0.698618083712951	0.746190324247105	0.747490182566773	0	0.759770481681227	0.706874904878891	0.751381458170624	0.712002365460293	0.63964935043578	0.668247587881675	0.695630964681986	0.734986561206349	0.761577310586391	0.741679510014414	0.759159317900503	0.84938067269107	0.788992161310806	0.827018715330021	0.879902374084457	0.753271012679398	0.696692059416352	0.788368355324546	0.788270171333217	0.836760219340438	0.829792402430282	0.769591571186092	0.810692433801021	0.818726863053896	0.88360794800655	0.798763088725382	0.720411781560686	0.857863161314101	0.778955716988678	0.699748698609744	0.810898613321032	0.833770000535581	0.70804038338943	0.709929573971954	0.868017595129583	0.807017678269595	0.780720058358827	0.738918128076447	0.846997878040675	0.822828237170344	0.828430970172184	0.734375353176663	0.772873426463437	0.731360302707688
0_LIC9.variant4.variant2	0.620416366467254	0.649593589089298	0.654805544894154	0.6689152379495	0.757760292916896	0.655875758341946	0.612414715417076	0.573565077118341	0.680680773776866	0.688296964613928	0.756633946506555	0.633980082507124	0.595870102528962	0.655666828426595	0.712350591840698	0.675334252106221	0.759770481681227	0	0.634980314655502	0.692820323027551	0.690895283677468	0.671864472314825	0.524209441953745	0.609656801757516	0.57369686658157	0.662509561379244	0.70571777523887	0.646006842660611	0.757648923090763	0.690939189164751	0.762320192223516	0.810654601714415	0.681126313097142	0.600583147187893	0.670222247439285	0.688364840652218	0.766136597190286	0.735149266778145	0.651850957323245	0.704297155154428	0.720852208831147	0.789409290672187	0.742443648052103	0.61426883626679	0.767328667759235	0.707031633008304	0.630581585597514	0.733310548746065	0.730336175145187	0.664545731739236	0.713506068012676	0.836176268166639	0.614747192290821	0.682750850340298	0.686808753219497	0.769389561773975	0.760416042794689	0.680991923593812	0.683205364448367	0.688986202151369	0.613612916339978
0_LIT2.variant6.variant2	0.560473172876983	0.618416546019141	0.703995565396232	0.668306925253258	0.691672318389633	0.697216688778396	0.646240759039592	0.64054432298083	0.692104229479065	0.63929455200212	0.745667690441612	0.650108844297601	0.629233768273076	0.739169589076775	0.704211927265276	0.69530801621301	0.706874904878891	0.634980314655502	0	0.713427742520589	0.722845349689707	0.660076461161462	0.65051810391906	0.652305283901728	0.683928142840757	0.689723903852223	0.640983699969775	0.650143497363604	0.725534285888682	0.660578259075816	0.730796249234174	0.751864139683884	0.676773886035786	0.611367722245196	0.674122314249195	0.641483902716264	0.73493743794558	0.72105186323432	0.652892530755574	0.675430896947811	0.706761766879018	0.774765408306603	0.693906532719377	0.655220285067623	0.716884963319019	0.659059158466806	0.651893042612891	0.695013954869254	0.663551619604458	0.628215864503431	0.772628186594828	0.819756061276768	0.65659741313288	0.695479911782007	0.662250746907797	0.704230757216407	0.728513354247589	0.661868872339604	0.690547532901615	0.695115703108457	0.602454871054882
0_LIT5.variant6.variant2	0.707775002769563	0.664358924878028	0.693223008515213	0.618065441499159	0.765480414446158	0.67336884805902	0.723489064269004	0.647001394783008	0.711413231962183	0.727455110994023	0.788165789375808	0.729262572309226	0.694313472007424	0.698170366361332	0.704966305550425	0.734461277611419	0.751381458170624	0.692820323027551	0.713427742520589	0	0.730897069576688	0.706156670871454	0.639796922095474	0.721355655901363	0.70458881352574	0.745379467909535	0.723439345060323	0.704876630219634	0.796579719266539	0.72340049120573	0.785905247993376	0.822745543679876	0.745173946489218	0.684177735353701	0.722237778708353	0.72072036036027	0.807774721070175	0.776403598504477	0.703084886915481	0.752796744132213	0.764087552073741	0.844231764817738	0.745566453204078	0.729016438876975	0.781606736734715	0.747538333011782	0.676083061087364	0.788642787837758	0.774846767725935	0.741006686265994	0.746448879460771	0.859337848847319	0.832083911852426	0.721715568936555	0.716472842006823	0.78379101692285	0.776128117311798	0.785698946572839	0.714375667443281	0.688191182171529	0.673550952843175
0_LRK10.variant6.variant2	0.667344822731124	0.67875564075605	0.689649503991821	0.731882623043506	0.762213331683194	0.689256205126648	0.737168133122985	0.722504760609122	0.725094240792939	0.71566261113249	0.811348084539376	0.70571777523887	0.732026002929894	0.754939389059144	0.735064275296991	0.782612277786993	0.712002365460293	0.690895283677468	0.722845349689707	0.730897069576688	0	0.685914289885292	0.665985538307978	0.715393653501482	0.728629795286333	0.725784897752186	0.714099173741036	0.75589660612043	0.800112731628827	0.793162267747731	0.818457951101655	0.857065148898301	0.766926398443117	0.679669512556266	0.747932047661343	0.741054175025403	0.8333817490591	0.827151198075426	0.699839209829049	0.780545203260034	0.818313251015653	0.843445701551557	0.79915478053527	0.687222437142144	0.822316471659205	0.759418473511441	0.660968556456442	0.790748646827734	0.803229726496417	0.725350887010733	0.755561901109212	0.872413303644374	0.73357003755606	0.746695778180671	0.767646432774643	0.808434341667912	0.812533400123213	0.795280194796333	0.721140699027335	0.752076278775624	0.698673185811965
0_LRK11.variant7.variant2	0.616683474290244	0.676891289781319	0.645681172796743	0.678656328735419	0.739149148287836	0.729105069862054	0.645749827793601	0.708822902100416	0.718377545822906	0.692048378138221	0.79358449948791	0.657267069006199	0.666604792178931	0.654545454545455	0.692029883154636	0.687386354243376	0.63964935043578	0.671864472314825	0.660076461161462	0.706156670871454	0.685914289885292	0	0.650620539649782	0.728090660069708	0.729043499922166	0.731611791836004	0.701090853085016	0.719175557945393	0.733103511309173	0.733732673637774	0.747918832450319	0.789768831133411	0.687848321602483	0.657444301601845	0.727683866472117	0.686521825723385	0.804984471899924	0.723358869021911	0.68928450016807	0.724486213574976	0.761496947452314	0.837603805769876	0.775537596468354	0.672699972146017	0.758946638440411	0.739460172559244	0.65164256829171	0.741589614915603	0.782496443040669	0.697983285927272	0.787596147976672	0.901802865178034	0.740258625493838	0.747466853753117	0.710472126266636	0.789738105013177	0.76466063214536	0.719222881586826	0.697983285927272	0.70417879021953	0.630476010645925
0_LRK12.variant7.variant2	0.623330885568872	0.548298804437296	0.595294044989533	0.568702435279688	0.698818879314917	0.625137153092816	0.619677335393187	0.547179989212014	0.693226312117787	0.626979623493349	0.628541190328418	0.636479679941727	0.55130800869033	0.554408171884787	0.637792804143281	0.694489772009505	0.668247587881675	0.524209441953745	0.65051810391906	0.639796922095474	0.665985538307978	0.650620539649782	0	0.631438407367761	0.674475251293979	0.637085518324486	0.663868979287818	0.637880385156802	0.734792704594364	0.702758384321147	0.729851304602018	0.797569122305001	0.642531489756313	0.591445871722918	0.675647384369166	0.655753419397446	0.753213012986325	0.770661026521877	0.638376654080683	0.739243062162593	0.785706817690962	0.824406463887272	0.749236899921106	0.585758760097647	0.74923037434834	0.685917831358439	0.582019410333925	0.713151882799482	0.733096671987119	0.655830823033703	0.733212111192934	0.750943462529693	0.660188652283401	0.675497073492029	0.669119605210616	0.817913220291825	0.799440363695063	0.729536839371392	0.691510229848327	0.631895589000454	0.588729090284804
0_LRK13.variant7.variant2	0.575221044214237	0.644321438005473	0.642469403596762	0.624055389745005	0.672801274755152	0.688042194822142	0.613424480078991	0.632798047916912	0.705083581671604	0.692082887668995	0.774130839790166	0.617219704345279	0.627699382394137	0.660175344577168	0.665758246327593	0.632455532033676	0.695630964681986	0.609656801757516	0.652305283901728	0.721355655901363	0.715393653501482	0.728090660069708	0.631438407367761	0	0.734166193719106	0.716401262722763	0.66246293696866	0.6953627914727	0.74997797324483	0.739188173083845	0.688171669653423	0.767653768109235	0.673077787380603	0.615209524162858	0.701764926791025	0.716884963319019	0.82776255030936	0.765115717950997	0.663043111889641	0.734846922834953	0.755877868012651	0.806284464208492	0.75213980463361	0.694607327087021	0.761280667441465	0.67174375279677	0.65109541055429	0.747157623334316	0.758880131264326	0.692820323027551	0.771921025083212	0.79227035012823	0.735876730918159	0.693192706995867	0.67607074414616	0.793568453052234	0.800112731628827	0.752054542511857	0.674564985621587	0.613353059706001	0.668101663398605
0_LRK17.variant7.variant2	0.654310986377424	0.671399957584128	0.704560666789119	0.661751231161022	0.759751033619498	0.691672318389633	0.672433120815271	0.659316140455159	0.735653295208407	0.732836393970625	0.766176890167686	0.703074757979655	0.664346244215612	0.675201774210818	0.742172265805687	0.708267807099226	0.734986561206349	0.57369686658157	0.683928142840757	0.70458881352574	0.728629795286333	0.729043499922166	0.674475251293979	0.734166193719106	0	0.694660486489164	0.720730223311414	0.734765431631727	0.737101857911219	0.736534005372207	0.754200833755701	0.82779307759267	0.737669368728955	0.665489156180222	0.721664742106749	0.674039287167901	0.814600311632397	0.765182952302944	0.701101338019223	0.747951517199623	0.775361535303436	0.775620383072045	0.768261486397597	0.698696180543025	0.787952768392491	0.745731161553673	0.701218451748933	0.762417208620057	0.75767430453909	0.677811604672398	0.648074069840786	0.760305541298386	0.695439690869283	0.696741642510815	0.734599457960842	0.781606736734715	0.77885570949709	0.719191465213794	0.728748502684767	0.709191217481	0.676106617988454
0_LRK22.variant7.variant2	0.657658649064175	0.641552886367965	0.699595258711464	0.683046838925159	0.735431830932877	0.669713024434954	0.681645068932505	0.645174395028197	0.689568475658704	0.701090853085016	0.782807054928545	0.706455588064777	0.667506717113247	0.71136946211368	0.690547532901615	0.709681476961417	0.761577310586391	0.662509561379244	0.689723903852223	0.745379467909535	0.725784897752186	0.731611791836004	0.637085518324486	0.716401262722763	0.694660486489164	0	0.701036576904284	0.710818653310911	0.783600352168294	0.763910904850927	0.774926214744263	0.853574527316866	0.752210878558138	0.684249019956533	0.7201286058776	0.755492707290567	0.844097150806706	0.791480055317948	0.717824188430013	0.763279385184303	0.773879117749593	0.801737244173958	0.769892761558794	0.714566818832209	0.787977240115354	0.734673179618709	0.717052090902478	0.815818059024995	0.77276998358986	0.710702496981463	0.715314704800309	0.833770000535581	0.775366263737562	0.729974955819272	0.756760255392945	0.770972135941393	0.815450338737813	0.778810281484172	0.700055246438664	0.707011861153744	0.670940214701861
0_a109.variant.variant.variant2	0.609984046441177	0.655172573694585	0.67116431554541	0.65300534545943	0.729262572309226	0.68490211643045	0.657655409996658	0.673626896639593	0.70076880857878	0.730917231976371	0.811754532421327	0.618860651315889	0.676891289781319	0.701830068482519	0.689683007331926	0.682735064010966	0.741679510014414	0.70571777523887	0.640983699969775	0.723439345060323	0.714099173741036	0.701090853085016	0.663868979287818	0.66246293696866	0.720730223311414	0.701036576904284	0	0.729851304602018	0.789123285653362	0.739778836729416	0.772289600322184	0.813580786437363	0.732125189169329	0.674933454642544	0.738675182770496	0.717451630498714	0.806293115654246	0.746934031733187	0.65175982886698	0.744043009509531	0.770026737503697	0.794734580495347	0.736435782901444	0.701218451748933	0.790735833192563	0.704454313341949	0.680060108979212	0.779224621810653	0.753672954693283	0.616550264121198	0.707850712777028	0.760305541298386	0.754913235367391	0.72705816089329	0.65938298292659	0.764120800014582	0.764426468724727	0.77346821493018	0.68768698244679	0.658691030661473	0.622253967444162
0_a182.variant.variant.variant2	0.618696056336698	0.653106334517651	0.709142075588727	0.71745428522465	0.805712091582529	0.704651213958603	0.712403884307959	0.649428458088905	0.684268769397893	0.728123570849227	0.82014301247192	0.696867993238318	0.676773886035786	0.701655795682593	0.712340207645596	0.700587988343909	0.759159317900503	0.646006842660611	0.650143497363604	0.704876630219634	0.75589660612043	0.719175557945393	0.637880385156802	0.6953627914727	0.734765431631727	0.710818653310911	0.729851304602018	0	0.786505911799635	0.73826700314922	0.747270766010361	0.820144847668688	0.711578657666538	0.597806208376697	0.689478189099194	0.700432143265773	0.795304947903232	0.772093927095703	0.691131750390093	0.750503706821951	0.746390276997132	0.803601648676816	0.721500783285569	0.701781724754652	0.782165359845981	0.6800328362111	0.661776939722682	0.73679581217163	0.706724457946277	0.724568837309472	0.724263047535435	0.911778594937152	0.732886456230749	0.715158453004106	0.709357741761589	0.775264137412934	0.776182334502301	0.739460172559244	0.697648397628266	0.701218451748933	0.669975653716676
0_a202.variant.variant.variant2	0.728519862986241	0.744742336869174	0.769103996923584	0.781606736734715	0.787820630280782	0.776912359517634	0.727521968535968	0.740345684017659	0.742480476892812	0.775610760885734	0.848101634186344	0.758355941784486	0.701154164015426	0.764426468724727	0.767646432774643	0.745601043261609	0.84938067269107	0.757648923090763	0.725534285888682	0.796579719266539	0.800112731628827	0.733103511309173	0.734792704594364	0.74997797324483	0.737101857911219	0.783600352168294	0.789123285653362	0.786505911799635	0	0.7207760208894	0.727162251659864	0.773979214644163	0.784237783924049	0.673835331556645	0.766366148241643	0.747585755717292	0.713068199872012	0.688333768142637	0.712068994916312	0.722025845327798	0.70450199472667	0.749838692330643	0.730153674136509	0.750568646702734	0.737542141617278	0.702510588361886	0.743223352957206	0.736676268266678	0.705267192409247	0.76073872272635	0.668560002590807	0.901611460556293	0.758005600709071	0.72449183334121	0.668139009719023	0.732699912659455	0.744390789208748	0.69362639697444	0.72579588109671	0.678105881265527	0.672683069924325
0_a33.variant.variant.variant2	0.670505380134069	0.693216560019067	0.744067445623287	0.733212111192935	0.76947156314349	0.72864635311012	0.654871610126113	0.68730561349555	0.731849684290456	0.722478586978171	0.820537898422792	0.716828499929946	0.668974160234392	0.686762761305213	0.724796892344435	0.720584674538987	0.788992161310806	0.690939189164751	0.660578259075816	0.72340049120573	0.793162267747731	0.733732673637774	0.702758384321147	0.739188173083845	0.736534005372207	0.763910904850927	0.739778836729416	0.73826700314922	0.7207760208894	0	0.677212015357137	0.764880916460442	0.684984214376975	0.627581804358464	0.656773439894878	0.689789745725079	0.711936195773994	0.662433333876183	0.680605099136697	0.636935212901046	0.64170216485774	0.7061322088754	0.691504423790218	0.697485832462916	0.70427267446636	0.661374040907639	0.677376342720514	0.672215143274281	0.690809229313236	0.682666080665768	0.759211218067915	0.792388028606432	0.738574456625244	0.675868021940357	0.630104158056428	0.693189925786851	0.702357426689191	0.64843928489927	0.687152985927622	0.60408445832258	0.630551003789712
0_a475.variant.variant.variant2	0.70804038338943	0.725131546870201	0.786301113697527	0.759243856637996	0.824955411886771	0.794754773604319	0.714051115560495	0.755314504031268	0.77399597378918	0.766536293626881	0.827768761517632	0.756616506717995	0.725988170378424	0.745944449016888	0.731815071922125	0.785584404849573	0.827018715330021	0.762320192223516	0.730796249234174	0.785905247993376	0.818457951101655	0.747918832450319	0.729851304602018	0.688171669653423	0.754200833755701	0.774926214744263	0.772289600322184	0.747270766010361	0.727162251659864	0.677212015357137	0	0.505994173366369	0.712322479581493	0.652734138581784	0.73152931256043	0.72963820932606	0.749066216341155	0.775176674316568	0.691165626795866	0.706971047087747	0.75293663760433	0.787596147976672	0.745180593981794	0.759606409618302	0.452422408390511	0.726290314759212	0.723723141524397	0.723200434129107	0.734261806950445	0.743635167775601	0.685215039717476	0.782623792124926	0.65385539817335	0.721468215032984	0.711642313672182	0.737887262351301	0.746437443749809	0.740759631874446	0.734846922834953	0.703498272662612	0.678822509939086
0_a494.variant.variant.variant2	0.78711340435303	0.739932429347437	0.84	0.833526457372642	0.877581479824719	0.851637448455817	0.792143835851498	0.778322660290713	0.823745165424948	0.825164305060654	0.896868570527057	0.832012558774916	0.769895097749337	0.836483124105513	0.823054891753102	0.816943853807575	0.879902374084457	0.810654601714415	0.751864139683884	0.822745543679876	0.857065148898301	0.789768831133411	0.797569122305001	0.767653768109235	0.82779307759267	0.853574527316866	0.813580786437363	0.820144847668688	0.773979214644163	0.764880916460442	0.505994173366369	0	0.813260571809655	0.731017574608637	0.816248650585434	0.828275247752754	0.817343826342582	0.786521978351468	0.791582740472701	0.74437487849305	0.799595039204626	0.850292372161258	0.770026737503698	0.807192006502305	0.487158516372596	0.792730125977043	0.80762369552792	0.75683551713698	0.816650913521662	0.809065715534741	0.691369388821318	0.865217334702345	0.764087552073741	0.784472223811296	0.757610142882768	0.793017657651829	0.765871419548695	0.755452620233276	0.807428200218114	0.770541977934386	0.73721258651522
0_a507.variant.variant.variant2	0.584546760536946	0.672433120815271	0.713427742520589	0.701356418981306	0.747543344985145	0.678249147294	0.672383098550493	0.675149863459585	0.716378982984738	0.722025845327798	0.83402682173389	0.686511259866627	0.631290430279094	0.675334252106221	0.732285753133587	0.706383621438416	0.753271012679398	0.681126313097142	0.676773886035786	0.745173946489218	0.766926398443117	0.687848321602483	0.642531489756313	0.673077787380603	0.737669368728955	0.752210878558138	0.732125189169329	0.711578657666538	0.784237783924049	0.684984214376975	0.712322479581493	0.813260571809655	0	0.567824129836204	0.70594490504233	0.682748307501855	0.755195390342505	0.752087670815619	0.611867651107582	0.742312153143807	0.72788760071967	0.781236920420313	0.738318748092934	0.723486583027561	0.77144614283274	0.71236729780315	0.660509084955613	0.689908620716847	0.724364320533329	0.663974570712578	0.768414114293865	0.687757012859821	0.651993344002772	0.720395930742049	0.655707714332439	0.70571777523887	0.714497344163214	0.731410850385109	0.610404832390718	0.657628502670583	0.646859309504111
0_a697.variant	0.513513585537564	0.582538943717612	0.66407830863536	0.703307834318887	0.693226312117787	0.67508048567967	0.572284042474328	0.600799467376595	0.665551049399603	0.63862324077077	0.776120283397179	0.630564778828082	0.565847768308858	0.675026204942068	0.663631508942287	0.627202884756294	0.696692059416352	0.600583147187893	0.611367722245196	0.684177735353701	0.679669512556266	0.657444301601845	0.591445871722918	0.615209524162858	0.665489156180222	0.684249019956533	0.674933454642544	0.597806208376697	0.673835331556645	0.627581804358464	0.652734138581784	0.731017574608637	0.567824129836204	0	0.641982376815261	0.601759079397483	0.712884682248808	0.649384635526819	0.579052204297208	0.667591758844194	0.669143709500999	0.717642369725007	0.638824832009451	0.656737655252146	0.713947730740215	0.62823383757782	0.649923072370877	0.636943164204817	0.663167079940063	0.610687063247421	0.611010092660779	0.627845477911626	0.649286557467398	0.604930239002322	0.559957580577904	0.677805743354405	0.718184846459608	0.620243164762688	0.57002024255554	0.559068993537366	0.55209612078177
